       user      modified added  modified_centrality  all_centrality  modified_proximity  all_proximity  modified_changeExtent  all_changeExtent
0    daniel  [4, 5, 6, 7]    []             0.000000        0.000000            0.000000       0.000000               0.000000          0.000000
1    daniel     [5, 6, 7]    []             3.000000        4.000000            2.454545       3.272727               0.000000          0.000000
2    daniel        [5, 7]    []             2.000000        4.000000            1.529412       3.294118               0.000000          1.000000
3    daniel           [7]    []             1.000000        4.000000            0.684211       3.235088               0.000000          0.500000
4    daniel           [4]    []             1.000000        4.000000            1.000000       3.279412               0.333333          0.333333
5    daniel           [6]    []             1.000000        4.000000            1.000000       3.123810               0.000000          0.000000
6    daniel            []    []             0.000000        4.000000            0.000000       3.350649               0.000000          0.000000
7    daniel           [6]    []             1.000000        4.000000            1.000000       3.750000               0.000000          0.000000
8    daniel        [5, 7]    []             2.000000        4.000000            2.000000       3.333333               0.000000          0.000000
9     shane        [5, 7]    []             2.000000        4.000000            0.000000       0.000000               1.125000          1.875000
10    shane        [5, 7]    []             2.000000        3.600000            1.538462       3.538462               0.000000          0.666667
11    shane           [5]    []             1.000000        3.600000            0.722222       3.444444               0.000000          0.600000
12    shane           [5]    []             1.000000        3.600000            0.611111       3.423611               0.000000          0.545455
13    shane        [5, 7]    []             2.000000        3.600000            1.428571       3.428571               0.000000          0.500000
14    shane        [5, 7]    []             2.000000        3.600000            1.363844       3.363844               0.000000          0.461538
15    shane        [5, 7]    []             2.000000        3.600000            1.327381       3.327381               0.000000          0.428571
16    shane           [5]    []             1.000000        3.600000            0.545455       3.304075               0.000000          0.400000
17    shane           [5]    []             1.000000        3.600000            0.484848       3.299663               0.000000          0.375000
18    shane           [5]    []             1.000000        3.600000            0.424242       3.304242               0.000000          0.352941
19    shane           [5]    []             1.000000        3.600000            0.363636       3.320158               0.000000          0.333333
20  urielha           [5]    []             1.000000        3.600000            0.000000       0.000000               0.789474          1.631579
21  urielha           [5]    []             1.000000        3.166667            0.000000       2.916667               0.000000          0.800000
22  urielha           [7]    []             0.833333        3.166667            0.916667       2.916667               0.476190          0.761905
23  urielha           [7]    []             1.000000        3.333333            0.750000       3.141304               0.000000          0.272727
24  @total@            []    []            30.833333       85.266667           20.144608      69.368227               2.723997         11.838050