                    user      modified                                              added  modified_centrality  all_centrality  modified_proximity  all_proximity  modified_changeExtent  all_changeExtent
0                mylnext            []                                                [1]             0.000000        0.000000            0.000000       0.000000               0.000000          0.000000
1         dynamitechetan            []                                                [2]             0.000000        1.000000            0.000000       0.000000               0.000000          0.000000
2   chetanya221997chopra            []                                                [3]             0.000000        0.666667            0.000000       0.000000               0.000000          2.000000
3                mylnext           [3]                                                [4]             0.200000        0.600000            0.000000       0.000000               0.500000          1.500000
4                mylnext            []                                                [5]             0.000000        1.166667            0.000000       1.100000               0.000000          0.666667
5   chetanya221997chopra            []                                                [6]             0.000000        1.142857            0.000000       1.000000               0.000000          2.000000
6   chetanya221997chopra            []                                                [7]             0.000000        1.125000            0.000000       0.666667               0.000000          1.466667
7                mylnext            []                                                [8]             0.000000        1.111111            0.000000       1.333333               0.000000          1.500000
8                mylnext            []                                                [9]             0.000000        1.100000            0.000000       1.333333               0.000000          1.154762
9   chetanya221997chopra            []                                               [10]             0.000000        1.090909            0.000000       0.666667               0.000000          1.916667
10  chetanya221997chopra            []                                               [11]             0.000000        1.083333            0.000000       0.666667               0.000000          1.535714
11               mylnext            []                                       [12, 13, 14]             0.000000        1.076923            0.000000       1.333333               0.000000          1.742857
12               mylnext            []                               [15, 16, 17, 18, 19]             0.000000        1.437500            0.000000       3.050000               0.000000          1.396645
13               mylnext  [15, 16, 17]                                                 []             0.714286        2.285714            2.571429       6.190476               0.000000          4.186111
14               mylnext            []                                               [20]             0.000000        2.285714            0.000000       6.033333               0.000000          4.539316
15               mylnext       [4, 20]                                               [21]             0.136364        2.227273            0.333333       6.344444               0.090909          2.929004
16               mylnext            []                                           [22, 23]             0.000000        2.434783            0.000000       7.331746               0.000000          2.175433
17               mylnext            []                                               [23]             0.000000        2.400000            0.000000       8.486264               0.000000          2.794444
18               mylnext            []                                               [24]             0.000000        2.400000            0.000000       9.509524               0.000000          3.040975
19      darjiharshil2994          [21]                                           [30, 31]             0.115385        2.346154            0.000000       0.000000               0.055556          1.722222
20        dynamitechetan            []                                               [32]             0.000000        2.413793            0.000000       0.000000               0.000000          1.792398
21        dynamitechetan            []                                               [33]             0.000000        2.366667            0.000000       0.000000               0.000000          1.702632
22        dynamitechetan            []                                               [34]             0.000000        2.322581            0.000000       0.000000               0.000000          2.621429
23        dynamitechetan            []                                           [35, 36]             0.000000        2.281250            0.000000       0.000000               0.000000          3.047619
24       pawan.dwivedi94            []                                               [37]             0.000000        2.264706            0.000000       0.000000               0.000000          1.695652
25        dynamitechetan            []                                           [38, 39]             0.000000        2.166667            0.000000       1.200000               0.000000          4.543478
26        dynamitechetan            []                                               [40]             0.000000        2.157895            0.000000       2.200000               0.000000          3.185000
27        dynamitechetan            []                                               [41]             0.000000        2.128205            0.000000       2.666667               0.000000          4.631026
28        dynamitechetan            []                                               [42]             0.000000        2.100000            0.000000       2.666667               0.000000          4.307245
29           1anuppanwar            []                                           [43, 44]             0.000000        2.073171            0.000000       0.000000               0.000000          1.607143
30        dynamitechetan           [3]                                                 []             0.068182        2.022727            0.000000       2.666667               0.068966          4.322729
31           1anuppanwar            []                                               [46]             0.000000        2.045455            0.000000       1.200000               0.000000          3.533333
32           1anuppanwar          [46]                                                 []             0.022222        2.022222            0.000000       1.333333               0.000000          2.483871
33           1anuppanwar          [46]                                                 []             0.022222        2.022222            0.000000       1.000000               0.000000          2.104167
34           1anuppanwar            []                                               [48]             0.000000        2.022222            0.000000       0.800000               0.000000          1.893939
35           1anuppanwar          [48]                                                 []             0.021739        2.000000            0.000000       0.800000               0.000000          1.752941
36           1anuppanwar            []                                               [49]             0.000000        2.000000            0.000000       0.800000               0.000000          1.647619
37        dynamitechetan            []                                               [50]             0.000000        1.978723            0.000000       2.916667               0.000000          2.012053
38           1anuppanwar      [39, 46]                                                 []             0.062500        1.958333            0.000000       1.000000               0.027027          2.520270
39           1anuppanwar          [39]                                                 []             0.083333        2.020833            0.500000       2.766667               0.000000          1.932749
40           1anuppanwar          [38]                                                 []             0.041667        2.020833            1.000000       3.200000               0.025641          1.712821
41           1anuppanwar            []                                           [55, 56]             0.000000        2.041667            0.000000       2.500000               0.000000          1.556818
42           1anuppanwar            []                                               [57]             0.000000        2.040000            0.000000       2.866667               0.000000          1.464228
43           1anuppanwar          [18]                                                 []             0.098039        2.019608            0.000000       3.666667               0.023810          3.391941
44           1anuppanwar           [1]                                                 []             0.019608        2.039216            0.000000       4.366667               0.023256          3.308970
45           1anuppanwar            []                                               [59]             0.000000        2.058824            0.000000       3.866667               0.000000          2.402273
46        dynamitechetan          [59]                                                 []             0.019231        2.038462            0.000000       1.833333               0.022222          1.825236
47           1anuppanwar            []                                   [60, 61, 62, 63]             0.000000        2.057692            0.000000       3.866667               0.000000          3.802430
48           madhavgaba2            []                                               [64]             0.000000        2.196429            0.000000       0.000000               0.000000          1.489362
49         30808316+0oo0            []                                               [65]             0.000000        2.137931            0.000000       0.000000               0.000000          1.479167
50           madhavgaba2            []                                               [67]             0.000000        2.083333            0.000000       0.000000               0.000000          2.448980
51           madhavgaba2            []                                               [68]             0.000000        2.065574            0.000000       0.000000               0.000000          1.920000
52            sohanrudra            []                                               [69]             0.000000        2.048387            0.000000       0.000000               0.000000          1.450980
53           1anuppanwar            []                                               [70]             0.000000        2.000000            0.000000       5.131061               0.000000          2.440066
54       sachinarora.707          [61]                                                 []             0.061538        1.984615            0.000000       0.000000               0.018868          1.433962
55        dynamitechetan            []                                           [71, 72]             0.000000        1.969697            0.000000       1.833333               0.000000          1.572355
56     christianbender89            []  [73, 74, 75, 76, 77, 78, 79, 80, 81, 82, 83, 8...             0.000000        1.970588            0.000000       0.000000               0.000000          1.436364
57     christianbender89            []                                              [105]             0.000000       10.950000            0.000000      30.326087               0.000000          1.410714
58     christianbender89          [69]                                                 []             0.009901       10.851485            0.000000      30.491803               0.017544         32.385965
59     christianbender89          [98]                                                 []             0.306931       10.861386            0.983607      30.491803               0.500000         17.844828
60     christianbender89            []                                              [106]             0.000000       10.861386            0.000000      30.937500               0.000000         11.822034
61     christianbender89            []                                              [107]             0.000000       10.764706            0.000000      30.467742               0.000000          9.133333
62     christianbender89            []                                              [108]             0.000000       10.669903            0.000000      30.467742               0.000000          8.528689
63     christianbender89          [98]                                                 []             0.298077       10.576923            0.967742      30.467742               0.000000          7.958065
64     christianbender89            []                                              [109]             0.000000       10.576923            0.000000      30.000000               0.000000          7.523810
65     christianbender89          [69]                                                 []             0.019048       10.485714            0.000000      29.491525               0.000000          6.194940
66     christianbender89            []                                              [110]             0.000000       10.485714            0.000000      29.491525               0.000000          6.441667
67     christianbender89           [5]                                                 []             0.009434       10.396226            0.000000      29.491525               0.015152          5.409596
68     christianbender89            []                                              [111]             0.000000       10.405660            0.000000      29.491525               0.000000          5.819384
69     christianbender89         [101]                                                 []             0.289720       10.317757            0.983051      29.491525               0.083333          4.907786
70     christianbender89            []                                              [112]             0.000000       10.317757            0.000000      30.935484               0.000000          5.342346
71     christianbender89            []                                              [114]             0.000000       10.231481            0.000000      29.466667               0.000000          4.501129
72     christianbender89            []                                              [115]             0.000000       10.146789            0.000000      29.466667               0.000000          5.067480
73     christianbender89            []                                    [116, 117, 118]             0.000000       10.063636            0.000000      29.466667               0.000000          5.264520
74     christianbender89            []                                              [119]             0.000000        9.876106            0.000000      30.706250               0.000000          5.361644
75     christianbender89            []                                              [120]             0.000000        9.798246            0.000000      31.866667               0.000000          7.417160
76     christianbender89            []                                    [121, 122, 123]             0.000000        9.721739            0.000000      31.866667               0.000000          6.451767
77     christianbender89            []                                              [124]             0.000000        9.550847            0.000000      32.420536               0.000000          6.141385
78     christianbender89          [72]                                                 []             0.016807        9.478992            0.000000      34.266667               0.012987          7.990743
79     christianbender89            []                                              [125]             0.000000        9.487395            0.000000      34.933333               0.000000          6.889658
80     christianbender89         [123]                                                 []             0.025000        9.416667            0.800000      34.600000               0.333333          5.498827
81     christianbender89         [123]                                                 []             0.025000        9.416667            0.500000      34.700000               0.000000          5.541943
82     christianbender89         [105]                                                 []             0.008333        9.416667            0.000000      33.202433               0.041667          4.629146
83     christianbender89         [105]                                                 []             0.008333        9.416667            0.000000      32.702433               0.000000          4.116871
84     christianbender89         [105]                                                 []             0.008333        9.416667            0.000000      32.202433               0.000000          3.794068
85     christianbender89         [105]                                                 []             0.008333        9.416667            0.000000      31.170536               0.000000          3.547512
86     christianbender89         [109]                                                 []             0.008333        9.416667            0.000000      30.310482               0.047619          3.348153
87     christianbender89          [95]                                                 []             0.258333        9.416667            0.934426      30.310482               0.033333          3.135647
88     christianbender89         [111]                                                 []             0.008333        9.416667            0.000000      31.908950               0.052632          2.961889
89     christianbender89          [94]                                                 []             0.258333        9.416667            0.965517      32.151149               0.031250          2.789221
90     christianbender89          [39]                                                 []             0.033333        9.416667            0.000000      34.997701               0.033708          2.652612
91     christianbender89            []                                              [126]             0.000000        9.425000            0.000000      35.477381               0.000000          2.524940
92     christianbender89         [105]                                                 []             0.008264        9.355372            0.000000      33.477381               0.000000          2.440037
93     christianbender89            []                                              [127]             0.000000        9.355372            0.000000      33.477381               0.000000          3.362718
94        rohit1997gupta            []                                              [128]             0.000000        9.286885            0.000000       0.000000               0.000000          1.623656
95               msvbs98            []                                              [129]             0.000000        9.145161            0.000000       0.000000               0.000000          1.617021
96               msvbs98            []                                              [130]             0.000000        9.007937            0.000000       0.000000               0.000000          1.600000
97               msvbs98         [130]                                                 []             0.007874        8.944882            0.000000       0.000000               0.000000          2.583333
98               msvbs98            []                                              [131]             0.000000        8.944882            0.000000       0.000000               0.000000          2.067010
99               @total@            []                                                 []             3.302371      520.046730           10.539105    1279.385907               2.058811        372.383974