+--------+---------+-----------------+-------------+---------------------+-------+-------+
| commit |   user  | changed_objects | top 10 pred |        score        | top 3 | top 5 |
+--------+---------+-----------------+-------------+---------------------+-------+-------+
|   2    |  daniel |    [5, 6, 7]    |  (4, 0.764) |  0.7499999999999999 |   2   |   3   |
|        |         |                 |  (5, 0.764) |                     |       |       |
|        |         |                 |  (6, 0.764) |                     |       |       |
|        |         |                 |  (7, 0.764) |                     |       |       |
|   3    |  daniel |      [5, 7]     |   (4, 1.0)  |  0.462104940165695  |   1   |   2   |
|        |         |                 |  (5, 0.753) |                     |       |       |
|        |         |                 |  (6, 0.753) |                     |       |       |
|        |         |                 |  (7, 0.753) |                     |       |       |
|   4    |  daniel |       [7]       |   (4, 0.9)  | 0.23419129329520175 |   0   |   1   |
|        |         |                 |  (6, 0.773) |                     |       |       |
|        |         |                 |  (5, 0.737) |                     |       |       |
|        |         |                 |  (7, 0.737) |                     |       |       |
|   5    |  daniel |       [4]       |  (4, 0.867) | 0.27761767531219983 |   1   |   1   |
|        |         |                 |   (6, 0.8)  |                     |       |       |
|        |         |                 |  (5, 0.75)  |                     |       |       |
|        |         |                 |  (7, 0.706) |                     |       |       |
|   6    |  daniel |       [6]       |   (6, 0.8)  | 0.26455026455026454 |   1   |   1   |
|        |         |                 |  (5, 0.771) |                     |       |       |
|        |         |                 |  (4, 0.733) |                     |       |       |
|        |         |                 |  (7, 0.72)  |                     |       |       |
|   8    |  daniel |       [6]       |   (4, 0.8)  | 0.24201954397394138 |   1   |   1   |
|        |         |                 |   (5, 0.8)  |                     |       |       |
|        |         |                 |  (6, 0.743) |                     |       |       |
|        |         |                 |  (7, 0.727) |                     |       |       |
|   9    |  daniel |      [5, 7]     |   (4, 0.8)  |  0.5147204763479988 |   2   |   2   |
|        |         |                 |   (5, 0.8)  |                     |       |       |
|        |         |                 |  (7, 0.756) |                     |       |       |
|        |         |                 |  (6, 0.667) |                     |       |       |
|   10   |  shane  |      [5, 7]     |  (7, 0.743) |  0.5152050919377652 |   2   |   2   |
|        |         |                 |  (5, 0.714) |                     |       |       |
|        |         |                 |  (6, 0.714) |                     |       |       |
|        |         |                 |  (4, 0.657) |                     |       |       |
|   11   |  shane  |      [5, 7]     |  (5, 0.754) |  0.5091836734693878 |   2   |   2   |
|        |         |                 |  (7, 0.743) |                     |       |       |
|        |         |                 |  (4, 0.73)  |                     |       |       |
|        |         |                 |  (6, 0.713) |                     |       |       |
|   12   |  shane  |       [5]       |  (5, 0.744) | 0.25357873210633947 |   1   |   1   |
|        |         |                 |  (7, 0.737) |                     |       |       |
|        |         |                 |  (6, 0.729) |                     |       |       |
|        |         |                 |  (4, 0.724) |                     |       |       |
|   13   |  shane  |       [5]       |  (7, 0.753) |  0.2476843910806175 |   1   |   1   |
|        |         |                 |  (5, 0.722) |                     |       |       |
|        |         |                 |  (4, 0.72)  |                     |       |       |
|        |         |                 |  (6, 0.72)  |                     |       |       |
|   14   |  shane  |      [5, 7]     |  (7, 0.773) |  0.5075809786354237 |   1   |   2   |
|        |         |                 |  (4, 0.716) |                     |       |       |
|        |         |                 |  (6, 0.713) |                     |       |       |
|        |         |                 |   (5, 0.7)  |                     |       |       |
|   15   |  shane  |      [5, 7]     |  (7, 0.76)  |  0.505699481865285  |   1   |   2   |
|        |         |                 |  (6, 0.718) |                     |       |       |
|        |         |                 |  (4, 0.713) |                     |       |       |
|        |         |                 |  (5, 0.704) |                     |       |       |
|   16   |  shane  |      [5, 7]     |  (7, 0.752) |  0.5050190377293182 |   1   |   2   |
|        |         |                 |  (6, 0.719) |                     |       |       |
|        |         |                 |  (4, 0.711) |                     |       |       |
|        |         |                 |  (5, 0.707) |                     |       |       |
|   17   |  shane  |       [5]       |  (7, 0.747) | 0.24583911234396671 |   1   |   1   |
|        |         |                 |  (6, 0.719) |                     |       |       |
|        |         |                 |  (5, 0.709) |                     |       |       |
|        |         |                 |  (4, 0.709) |                     |       |       |
|   18   |  shane  |       [5]       |  (7, 0.757) | 0.24235048678720444 |   0   |   1   |
|        |         |                 |  (6, 0.715) |                     |       |       |
|        |         |                 |  (4, 0.707) |                     |       |       |
|        |         |                 |  (5, 0.697) |                     |       |       |
|   19   |  shane  |       [5]       |  (7, 0.769) | 0.23859282479972138 |   0   |   1   |
|        |         |                 |  (6, 0.712) |                     |       |       |
|        |         |                 |  (4, 0.705) |                     |       |       |
|        |         |                 |  (5, 0.685) |                     |       |       |
|   20   |  shane  |       [5]       |  (7, 0.783) | 0.23457650749390035 |   0   |   1   |
|        |         |                 |  (6, 0.709) |                     |       |       |
|        |         |                 |  (4, 0.704) |                     |       |       |
|        |         |                 |  (5, 0.673) |                     |       |       |
|   21   | urielha |       [5]       |  (5, 0.767) |  0.3063099041533547 |   1   |   1   |
|        |         |                 |  (7, 0.711) |                     |       |       |
|        |         |                 |  (6, 0.524) |                     |       |       |
|        |         |                 |  (4, 0.502) |                     |       |       |
|   22   | urielha |       [5]       |  (7, 0.774) |  0.2364998029168309 |   1   |   1   |
|        |         |                 |  (4, 0.621) |                     |       |       |
|        |         |                 |   (5, 0.6)  |                     |       |       |
|        |         |                 |  (6, 0.542) |                     |       |       |
|   23   | urielha |       [7]       |  (7, 0.769) |  0.3001561280249805 |   1   |   1   |
|        |         |                 |  (4, 0.62)  |                     |       |       |
|        |         |                 |   (5, 0.6)  |                     |       |       |
|        |         |                 |  (6, 0.573) |                     |       |       |
|   24   | urielha |       [7]       |  (7, 0.738) |  0.2831926323867997 |   1   |   1   |
|        |         |                 |  (5, 0.678) |                     |       |       |
|        |         |                 |  (4, 0.619) |                     |       |       |
|        |         |                 |  (6, 0.571) |                     |       |       |
+--------+---------+-----------------+-------------+---------------------+-------+-------+
Total of 31 objects were emitted
predicted 22 in the top-3
predicted 31 in the top-5


Users Summary:
+---------+--------------------+-------------+-------+-------+
|   user  |       score        | num_objects | top 3 | top 5 |
+---------+--------------------+-------------+-------+-------+
|  daniel | 2.7452041936453013 |      11     |   8   |   11  |
|  shane  | 4.005310318248929  |      16     |   10  |   16  |
| urielha | 1.1261584674819658 |      4      |   4   |   4   |
+---------+--------------------+-------------+-------+-------+