               user                                           modified                      added  modified_centrality  all_centrality  modified_proximity  all_proximity  modified_changeExtent  all_changeExtent
0           fraggle                                                 []  [2, 3, 4, 5, 6, 8, 9, 10]             0.000000        0.000000            0.000000       0.000000               0.000000          0.000000
1           fraggle                                                 []               [11, 12, 13]             0.000000        8.000000            0.000000       7.304348               0.000000          0.000000
2           fraggle                                                 []               [14, 15, 16]             0.000000        6.636364            0.000000       8.838235               0.000000          8.000000
3           fraggle                                             [5, 6]                         []             1.142857        5.857143            1.647059      10.552521               1.000000          7.000000
4           fraggle                                                 []                       [18]             0.000000        5.857143            0.000000      11.692308               0.000000          6.500000
5           fraggle                                         [8, 9, 10]                         []             1.600000        5.533333            2.769231      12.156643               0.750000          4.000000
6           fraggle                                             [2, 3]                         []             1.066667        5.533333            2.000000      11.028571               0.400000          3.350000
7           fraggle                                                [4]                         []             0.533333        5.533333            1.000000      11.500000               0.166667          2.016667
8           fraggle                                                 []               [21, 22, 23]             0.000000        5.533333            0.000000      11.800000               0.000000          1.433333
9           fraggle                           [11, 14, 12, 15, 13, 16]   [24, 25, 26, 27, 28, 29]             1.000000        5.111111            3.428571      10.146104               0.928571          1.178571
10          fraggle                                         [8, 9, 10]                         []             1.000000        9.083333            1.200000      14.299451               0.000000          3.200000
11          fraggle                          [4, 21, 23, 5, 18, 8, 10]                         []             1.625000        9.083333            4.892857      19.998596               1.166667          7.666667
12          fraggle                                                 []                   [30, 31]             0.000000       10.250000            0.000000      18.552298               0.000000          3.333333
13          fraggle                                  [3, 31, 22, 6, 9]                         []             1.115385        9.615385            3.083333      20.687324               0.250000          2.250000
14          fraggle                                      [3, 22, 6, 9]                         []             1.423077       10.153846            3.550952      20.635896               0.000000          2.500000
15          fraggle                                                [3]                         []             0.384615       10.153846            0.846154      19.378813               0.000000          1.700000
16          fraggle                                                 []                       [33]             0.000000       10.153846            0.000000      20.972639               0.000000          1.333333
17          fraggle                                               [33]                         []             0.037037        9.814815            0.000000      22.240893               0.000000          1.107143
18          fraggle                                                 []                       [34]             0.000000        9.814815            0.000000      21.506369               0.000000          0.950000
19          fraggle                                               [34]                         []             0.035714        9.500000            0.000000      22.018944               0.000000          0.833333
20          fraggle                        [14, 15, 16, 25, 27, 29, 9]                         []             2.928571        9.500000            6.435714      22.018944               0.300000          0.742857
21          fraggle                                        [4, 23, 10]                         []             1.071429        9.928571            2.036364      19.238228               0.000000          0.397727
22          fraggle                                        [22, 33, 9]                       [41]             0.857143        9.928571            1.818681      22.433160               0.000000          0.361111
23          fraggle                                                 []                       [42]             0.000000        9.965517            0.000000      22.379785               0.000000          0.330769
24          fraggle                                           [30, 31]                         []             0.266667        9.666667            1.166667      24.998869               0.090909          1.305195
25          fraggle                                                 []                       [43]             0.000000        9.666667            0.000000      23.878453               0.000000          1.700000
26          fraggle                                           [34, 33]                         []             0.161290        9.387097            0.857143      25.323111               0.000000          1.020833
27          fraggle                                           [34, 33]                         []             0.225806        9.451613            1.350000      24.243695               0.000000          1.759804
28          fraggle                                                 []                       [44]             0.000000        9.451613            0.000000      21.571509               0.000000          1.116667
29          fraggle                                               [44]                         []             0.031250        9.187500            0.000000      22.628981               0.000000          0.857895
30          fraggle                                                 []                   [45, 46]             0.000000        9.187500            0.000000      23.905098               0.000000          0.709524
31          fraggle                                       [30, 31, 43]                         []             0.264706        8.764706            1.000000      23.262314               0.200000          0.610714
32          fraggle                                       [34, 33, 44]                         []             0.235294        8.882353            1.142857      24.748677               0.000000          2.372475
33          fraggle                                   [13, 16, 28, 29]                         []             1.470588        9.000000            3.523435      25.567076               0.043478          1.341546
34          fraggle                                           [30, 31]                         []             0.294118        9.000000            1.272727      24.910231               0.000000          0.940909
35          fraggle                                               [13]                         []             0.352941        9.000000            0.900000      27.415001               0.000000          0.754242
36          fraggle                                               [42]                         []             0.029412        9.000000            0.000000      29.607999               0.083333          0.637179
37          fraggle                                                 []                       [47]             0.000000        9.000000            0.000000      29.083274               0.000000          0.478836
38          fraggle                                           [34, 33]                         []             0.257143        8.771429            1.777778      29.083274               0.000000          0.423810
39          fraggle                                               [30]                         []             0.085714        8.771429            0.800000      27.140679               0.000000          1.381466
40          fraggle                                               [41]                         []             0.114286        8.771429            0.800000      29.277718               0.058824          0.847712
41          fraggle                                                 []                   [48, 49]             0.000000        8.771429            0.000000      28.699284               0.000000          0.597849
42          fraggle                                               [33]                         []             0.162162        8.405405            0.818182      27.089560               0.000000          0.494318
43          fraggle                                           [34, 33]                         []             0.243243        8.405405            1.777778      30.743729               0.000000          2.427273
44          fraggle                                           [48, 49]                         []             0.108108        8.405405            0.800000      25.964732               1.000000          1.379336
45          fraggle                                                 []                       [51]             0.000000        8.405405            0.000000      25.383015               0.000000          0.342857
46          fraggle                                               [49]                         []             0.052632        8.210526            0.800000      29.549284               0.000000          0.313889
47          fraggle                                       [34, 33, 44]                         []             0.315789        8.210526            1.800000      29.549284               0.000000          1.290165
48          fraggle                                           [45, 46]                         []             0.105263        8.210526            0.800000      25.788747               0.117647          0.770279
49          fraggle                                               [22]                         []             0.236842        8.210526            0.846154      27.781768               0.000000          0.475524
50          fraggle                                          [2, 3, 4]                         []             0.763158        8.210526            2.423077      31.405633               0.000000          0.383333
51          fraggle                                       [30, 31, 43]                         []             0.342105        8.210526            1.716667      27.266324               0.000000          0.325704
52          fraggle                                           [30, 34]                         []             0.157895        8.210526            1.669643      26.662041               0.000000          0.285714
53          fraggle                                       [30, 31, 43]                         []             0.368421        8.263158            2.513553      26.515486               0.000000          0.256035
54          fraggle  [2, 3, 45, 11, 12, 13, 24, 26, 28, 30, 21, 5, ...                         []             4.947368        8.263158           14.602806      23.591405               0.232955          0.232955
55          fraggle                                               [41]                         []             0.105263       21.210526            0.033333      29.350060               0.000000          0.000000
56          fraggle                                                 []                       [55]             0.000000       21.210526            0.000000      32.982037               0.000000          0.000000
57          fraggle                 [2, 45, 11, 12, 13, 28, 30, 5, 48]                         []             6.512821       20.692308            8.786113      33.751943               0.000000          0.000000
58          fraggle                                               [46]                         []             0.051282       20.692308            0.230769      31.732677               0.000000          1.000000
59          fraggle                                               [46]                         []             0.051282       20.692308            0.200000      33.242129               0.000000          0.500000
60          fraggle                                           [45, 46]                       [59]             0.717949       20.692308            1.000000      32.538030               0.000000          0.333333
61          fraggle                                           [45, 46]                         []             0.750000       20.300000            1.441176      31.926074               0.000000          0.250000
62          fraggle                                               [59]                         []             0.075000       20.300000            1.000000      31.664885               1.000000          1.200000
63          fraggle                                       [45, 46, 59]                         []             0.825000       20.300000            2.089744      31.765509               0.000000          0.166667
64          fraggle                             [21, 22, 8, 9, 23, 10]                         []             3.275000       20.300000            4.509951      30.053266               0.000000          0.142857
65          fraggle                                               [41]                         []             0.100000       20.500000            0.181818      30.213974               0.000000          0.125000
66          fraggle                                    [21, 8, 23, 10]                         []             2.700000       20.500000            3.729481      33.694040               0.000000          0.111111
67          fraggle  [11, 14, 12, 13, 16, 24, 25, 28, 29, 4, 43, 23...                         []             8.475000       20.500000           12.891137      33.557727               0.000000          0.100000
68          fraggle                                           [34, 33]                         []             0.800000       21.500000            1.318367      31.434759               0.000000          0.090909
69          fraggle                                       [30, 31, 43]                         []             1.575000       21.500000            2.674141      34.579775               0.000000          0.083333
70          fraggle                               [30, 31, 34, 33, 43]                         []             2.375000       21.500000            4.517952      34.634379               0.000000          0.076923
71          fraggle                                           [30, 34]                         []             1.350000       21.700000            1.833333      32.274539               0.000000          0.071429
72          fraggle                                               [44]                         []             0.750000       21.700000            0.979167      33.146740               0.000000          0.066667
73          fraggle                                           [30, 34]                         []             1.350000       21.700000            1.779710      34.692801               0.000000          0.062500
74          fraggle                                                 []                   [60, 61]             0.000000       21.700000            0.000000      34.164808               0.000000          0.058824
75          fraggle                            [2, 45, 30, 21, 34, 48]                         []             3.809524       20.761905            5.304910      33.321910               0.000000          0.055556
76          fraggle                                               [60]                         []             0.047619       20.761905            0.181818      33.119030               1.000000          2.052632
77          fraggle                                               [60]                         []             0.047619       20.761905            0.166667      34.061015               0.000000          0.550000
78          fraggle                                                 []                       [62]             0.000000       20.761905            0.000000      33.728599               0.000000          0.380952
79          fraggle                                           [30, 34]                         []             1.255814       20.302326            1.861905      34.056542               0.000000          0.295455
80          fraggle                                               [34]                         []             0.627907       20.302326            0.923077      35.373014               0.000000          1.243478
81          fraggle                                               [44]                         []             0.697674       20.302326            1.000000      35.333535               0.000000          0.708333
82          fraggle                                       [21, 22, 23]                         []             1.604651       20.302326            2.777778      35.276620               0.000000          0.516190
83          fraggle  [2, 3, 45, 46, 60, 61, 30, 31, 21, 22, 5, 6, 3...                         []             8.302326       20.302326           14.890663      34.763244               0.125000          0.413462
84          fraggle      [2, 45, 60, 30, 21, 5, 34, 8, 48, 62, 23, 44]                         []             8.209302       24.488372           10.597537      33.935406               0.200000          0.237037
85          fraggle                                         [8, 9, 10]                         []             2.186047       25.046512            2.897427      35.734964               0.000000          0.035714
86          fraggle                                               [23]                         []             0.767442       25.046512            1.000000      37.120781               0.000000          0.034483
87          fraggle                                               [21]                         []             0.790698       25.046512            0.971831      39.208553               0.000000          0.033333
88          fraggle                                    [21, 8, 23, 10]                         []             3.069767       25.046512            3.887086      39.520692               0.000000          0.032258
89          fraggle                                            [2, 60]                         []             1.279070       25.046512            1.979592      38.411905               0.000000          0.031250
90          fraggle                                           [48, 49]                         []             1.232558       25.046512            2.000000      38.500726               0.000000          0.030303
91          fraggle                                               [43]                         []             0.720930       25.046512            0.947368      38.767918               0.000000          0.029412
92          fraggle                                               [51]                         []             0.581395       25.046512            1.000000      39.773358               0.000000          0.028571
93          fraggle                                               [10]                         []             0.720930       25.046512            1.000000      39.492512               0.000000          0.027778
94          fraggle                                                 []                   [63, 64]             0.000000       25.046512            0.000000      39.956046               0.000000          0.027027
95          fraggle                                               [63]                         []             0.044444       24.022222            0.600000      38.206361               0.000000          0.026316
96          fraggle                                           [63, 64]                         []             0.088889       24.022222            1.200000      38.206361               1.000000          1.025641
97          fraggle                                           [63, 64]                         []             0.088889       24.022222            1.150000      35.401861               0.000000          0.025000
98          fraggle                                           [63, 64]                         []             0.088889       24.022222            1.158974      33.179598               0.000000          0.024390
99          fraggle                                    [41, 22, 33, 9]                         []             1.688889       24.022222            2.193533      31.299442               0.000000          0.023810
100         fraggle                                                 []                       [65]             0.000000       24.022222            0.000000      31.503528               0.000000          0.023256
101         fraggle                                               [63]                         []             0.043478       23.521739            0.533333      34.707659               0.000000          0.022727
102         fraggle                                                 []               [66, 67, 68]             0.000000       23.521739            0.000000      36.083370               0.000000          1.022222
103         fraggle                                       [62, 44, 51]                         []             1.530612       22.265306            1.941353      35.057435               0.000000          0.521739
104         fraggle  [2, 3, 45, 46, 60, 61, 66, 67, 63, 64, 30, 31,...                         []             9.489796       22.306122           16.349489      38.148945               2.000000          3.354610
105         fraggle                                           [34, 33]                         []             1.122449       25.081633            1.746154      36.203882               0.000000          0.770833
106         fraggle                                               [34]                         []             0.693878       25.081633            0.885714      41.023230               0.000000          0.553741
107         fraggle                                               [55]                         []             0.020408       25.081633            0.000000      42.850314               0.020000          0.436667
108         fraggle                                               [66]                         []             0.428571       25.081633            0.953488      42.998840               0.000000          0.342857
109         fraggle                                           [41, 55]                         []             0.102041       25.081633            0.750000      44.153869               0.000000          0.291667
110         fraggle                                               [65]                         []             0.020408       25.122449            0.000000      42.144843               0.111111          0.253968
111         fraggle                                               [44]                         []             0.775510       25.122449            0.941176      43.946280               0.000000          0.125000
112         fraggle                                               [43]                         []             0.632653       25.122449            1.000000      45.376514               0.000000          0.111111
113         fraggle                                           [41, 55]                         []             0.142857       25.122449            1.333333      44.916045               0.000000          0.100000
114         fraggle                                               [65]                         []             0.020408       25.122449            0.000000      42.000464               0.000000          0.090909
115         fraggle                                               [30]                         []             0.775510       25.122449            0.988235      43.960794               0.000000          0.083333
116         fraggle                                       [30, 31, 43]                         []             1.897959       25.122449            2.969231      45.842942               0.000000          0.076923
117         fraggle                                       [34, 33, 44]                         []             1.897959       25.122449            3.000000      43.108240               0.000000          0.071429
118         fraggle                                         [8, 9, 10]                         []             2.081633       25.122449            2.962963      43.070607               0.000000          0.066667
119         fraggle                                       [21, 22, 23]                         []             1.979592       25.122449            3.000000      43.745458               0.000000          0.062500
120         fraggle                                     [21, 22, 8, 9]                         []             2.755102       25.122449            3.906709      43.642582               0.000000          0.058824
121         fraggle                                    [21, 8, 23, 10]                         []             2.857143       25.122449            3.878205      41.917414               0.000000          0.055556
122         fraggle                                   [21, 34, 68, 43]                         []             2.163265       25.122449            2.924444      42.048638               0.052632          0.052632
123         fraggle                                           [63, 30]                         []             1.183673       25.244898            1.905000      42.208160               0.000000          0.000000
124         fraggle                                           [43, 44]                         []             1.428571       25.244898            1.833333      43.471857               0.000000          0.000000
125         fraggle                        [4, 62, 43, 23, 44, 10, 51]                         []             4.142857       25.244898            6.481074      44.167738               0.000000          0.000000
126         fraggle                                               [48]                         []             0.775510       25.367347            1.000000      40.677327               0.000000          0.000000
127         fraggle                            [61, 67, 31, 22, 33, 9]                         []             3.020408       25.367347            5.809939      44.639607               0.000000          0.000000
128         fraggle                                               [22]                         []             0.530612       25.408163            0.935484      40.594633               0.000000          0.000000
129         fraggle              [3, 46, 61, 67, 31, 22, 6, 33, 9, 49]                         []             5.530612       25.408163            9.818182      44.247525               0.000000          0.000000
130         fraggle                             [3, 61, 67, 22, 33, 9]                         []             3.326531       25.408163            5.694659      38.280077               0.000000          0.000000
131         fraggle                                               [30]                         []             0.775510       25.408163            1.000000      37.574643               0.000000          0.000000
132         fraggle        [4, 59, 62, 68, 65, 43, 23, 18, 44, 10, 51]                         []             4.979592       25.408163            6.702282      39.872764               0.000000          0.000000
133         fraggle  [2, 45, 60, 66, 63, 30, 21, 5, 34, 8, 48, 4, 5...                   [71, 72]            14.632653       26.510204           20.818655      40.131624               0.000000          0.000000
134         fraggle                 [3, 46, 61, 67, 31, 22, 33, 9, 49]                         []             4.588235       30.019608            6.539582      41.148851               0.000000          0.000000
135         fraggle  [71, 72, 4, 59, 62, 68, 65, 42, 47, 43, 23, 18...                         []             9.764706       30.019608           13.442155      42.438373               2.000000          2.000000
136         fraggle                                           [23, 10]                         []             1.568627       30.019608            1.946306      42.006833               0.000000          0.000000
137         fraggle  [41, 2, 3, 45, 46, 60, 61, 66, 67, 63, 64, 11,...                         []            30.019608       30.019608           44.987007      44.987007               0.000000          0.000000
138         fraggle                                               [66]                         []             1.000000       51.000000            0.990196      50.421680               0.000000          0.000000
139         fraggle                                                 []                   [73, 74]             0.000000       51.000000            0.000000      50.821256               0.000000          0.000000
140         fraggle                                               [45]                         []             0.962264       49.150943            0.988827      50.883646               0.000000          0.000000
141         fraggle                                               [59]                         []             0.962264       49.150943            1.000000      51.764126               0.000000          2.000000
142         fraggle                                               [59]                         []             0.962264       49.150943            0.985185      52.318519               0.000000          1.000000
143         fraggle                                               [71]                         []             0.962264       49.150943            1.000000      51.954023               0.000000          0.666667
144         fraggle                                           [65, 23]                         []             1.924528       49.150943            2.000000      51.958927               0.000000          0.500000
145         fraggle                                               [71]                         []             0.962264       49.150943            1.000000      51.971781               0.000000          0.400000
146         fraggle                                       [45, 46, 59]                         []             2.886792       49.150943            3.000000      52.300546               0.000000          0.333333
147         fraggle                                               [45]                         []             0.962264       49.150943            0.974359      51.723501               0.000000          0.285714
148         fraggle                                               [45]                         []             0.962264       49.150943            0.925926      51.925926               0.000000          0.250000
149         fraggle                                               [46]                         []             0.962264       49.150943            1.000000      51.663636               0.000000          0.222222
150         fraggle                                                 []                       [75]             0.000000       49.150943            0.000000      51.667725               0.000000          0.200000
151         fraggle                                               [59]                         []             0.944444       48.259259            0.983051      51.526400               0.000000          0.181818
152         fraggle                                           [43, 44]                         []             1.888889       48.259259            2.000000      52.287879               0.000000          1.166667
153         fraggle                                               [45]                         []             0.944444       48.259259            1.000000      51.972125               0.000000          0.653846
154         fraggle                                           [48, 51]                         []             1.888889       48.259259            2.000000      52.266667               0.000000          0.476190
155         fraggle                                               [51]                         []             0.944444       48.259259            0.985816      51.966208               0.000000          0.383333
156         fraggle                                               [51]                         []             0.944444       48.259259            0.957447      51.957447               0.000000          0.325000
157         fraggle                                               [44]                         []             0.944444       48.259259            1.000000      51.717808               0.000000          0.284314
158         fraggle                [71, 72, 75, 4, 62, 65, 43, 44, 51]                         []             7.574074       48.259259            7.922157      51.722157               0.142857          0.253968
159         fraggle                                    [61, 67, 22, 9]                         []             3.777778       48.555556            3.973089      51.626273               0.000000          0.105263
160         fraggle                                               [74]                       [76]             0.037037       48.555556            0.222222      52.129596               0.050000          0.100000
161         fraggle                       [45, 46, 61, 66, 67, 48, 76]                         []             5.600000       47.727273            6.299593      52.386429               0.000000          0.047619
162         fraggle                                           [48, 51]                         []             1.890909       47.945455            1.946737      51.975094               0.000000          0.045455
163         fraggle                                               [41]                         []             0.927273       47.945455            0.987179      52.816844               0.000000          0.043478
164         fraggle                                               [68]                         []             0.927273       47.945455            1.000000      53.550422               0.000000          0.041667
165         fraggle                               [59, 62, 68, 47, 43]                         []             4.672727       47.945455            4.980769      54.008013               0.000000          0.040000
166         fraggle                                       [48, 49, 51]                         []             2.818182       47.945455            3.000000      52.687046               0.000000          0.038462
167         fraggle                                               [55]               [79, 80, 81]             0.927273       47.945455            1.000000      53.003089               0.000000          0.037037
168         fraggle                                               [63]                         []             0.879310       45.724138            0.970297      53.583552               0.000000          0.035714
169         fraggle  [2, 3, 45, 46, 60, 61, 66, 67, 63, 30, 31, 21,...                         []            23.034483       45.724138           25.966102      56.543941               0.000000          3.034483
170         fraggle                             [21, 22, 8, 9, 71, 10]                         []             5.293103       45.724138            5.950014      51.993460               0.000000          1.533333
171         fraggle       [63, 64, 24, 25, 26, 27, 28, 29, 31, 33, 71]                         []             9.689655       45.724138           10.939732      52.915989               0.000000          1.032258
172         fraggle                                               [28]                         []             0.879310       45.724138            0.980000      52.214605               0.000000          0.781250
173         fraggle                                               [28]                         []             0.879310       45.724138            0.941176      54.535425               0.000000          0.630303
174         fraggle                                                [3]                         []             0.879310       45.724138            1.000000      54.903459               0.000000          0.529412
175         fraggle                                               [66]                         []             0.896552       45.724138            0.000000       0.000000               0.045977          3.603448
176         fraggle                             [2, 21, 79, 8, 59, 81]                         []             3.593220       44.966102            0.126821       1.301562               0.382857          3.537143
177         fraggle  [41, 2, 3, 45, 46, 60, 61, 66, 67, 63, 64, 11,...                         []            45.050847       45.338983            7.981468       8.790992               3.125000          3.136364
178         fraggle  [2, 3, 46, 60, 30, 5, 34, 8, 48, 71, 59, 62, 6...                         []            15.542373       54.627119           15.847708      55.872765               0.000000          0.011299
179  fraggle+github                                       [30, 31, 43]                         []             2.898305       54.627119            0.000000       0.000000               0.398876          3.966292
180  fraggle+github                                               [21]                         []             0.966667       53.766667            0.050847       3.749088               0.122905          3.547486
181  fraggle+github                                               [55]               [85, 86, 87]             0.966667       53.783333            0.027778       4.047456               0.038889          3.405556
182  fraggle+github                                     [21, 22, 8, 9]                         []             3.666667       51.476190            0.393954       6.840997               0.370166          3.348066
183         @total@                                                 []                         []           381.179580     4614.068301          493.029681    6354.333456              18.975321        153.110449