+--------+---------+-----------------+-------------+---------------------+-------+-------+
| commit |   user  | changed_objects | top 10 pred |        score        | top 3 | top 5 |
+--------+---------+-----------------+-------------+---------------------+-------+-------+
|   2    |  daniel |    [5, 6, 7]    |  (4, 0.691) |         0.75        |   2   |   3   |
|        |         |                 |  (5, 0.691) |                     |       |       |
|        |         |                 |  (6, 0.691) |                     |       |       |
|        |         |                 |  (7, 0.691) |                     |       |       |
|   3    |  daniel |      [5, 7]     |   (4, 1.0)  |  0.4427275780987571 |   1   |   2   |
|        |         |                 |  (5, 0.659) |                     |       |       |
|        |         |                 |  (6, 0.659) |                     |       |       |
|        |         |                 |  (7, 0.659) |                     |       |       |
|   4    |  daniel |       [7]       |   (4, 0.9)  |  0.2149894440534835 |   0   |   1   |
|        |         |                 |  (6, 0.72)  |                     |       |       |
|        |         |                 |  (5, 0.611) |                     |       |       |
|        |         |                 |  (7, 0.611) |                     |       |       |
|   5    |  daniel |       [4]       |  (4, 0.867) |  0.3058201058201058 |   1   |   1   |
|        |         |                 |   (6, 0.8)  |                     |       |       |
|        |         |                 |  (5, 0.65)  |                     |       |       |
|        |         |                 |  (7, 0.518) |                     |       |       |
|   6    |  daniel |       [6]       |   (6, 0.8)  |  0.2991772625280479 |   1   |   1   |
|        |         |                 |  (5, 0.714) |                     |       |       |
|        |         |                 |   (4, 0.6)  |                     |       |       |
|        |         |                 |  (7, 0.56)  |                     |       |       |
|   8    |  daniel |       [6]       |   (4, 0.8)  | 0.22376378512984704 |   1   |   1   |
|        |         |                 |   (5, 0.8)  |                     |       |       |
|        |         |                 |  (6, 0.629) |                     |       |       |
|        |         |                 |  (7, 0.582) |                     |       |       |
|   9    |  daniel |      [5, 7]     |   (4, 0.8)  |  0.5500562429696287 |   2   |   2   |
|        |         |                 |   (5, 0.8)  |                     |       |       |
|        |         |                 |  (7, 0.667) |                     |       |       |
|        |         |                 |   (6, 0.4)  |                     |       |       |
|   10   |  shane  |      [5, 7]     |  (7, 0.343) |  0.535016286644951  |   2   |   2   |
|        |         |                 |  (5, 0.314) |                     |       |       |
|        |         |                 |  (6, 0.314) |                     |       |       |
|        |         |                 |  (4, 0.257) |                     |       |       |
|   11   |  shane  |      [5, 7]     |  (4, 0.81)  | 0.46758420862006517 |   1   |   2   |
|        |         |                 |  (5, 0.662) |                     |       |       |
|        |         |                 |  (6, 0.66)  |                     |       |       |
|        |         |                 |  (7, 0.629) |                     |       |       |
|   12   |  shane  |       [5]       |  (4, 0.804) | 0.22794382427079582 |   1   |   1   |
|        |         |                 |  (6, 0.729) |                     |       |       |
|        |         |                 |  (5, 0.633) |                     |       |       |
|        |         |                 |  (7, 0.611) |                     |       |       |
|   13   |  shane  |       [5]       |   (4, 0.8)  |  0.2064821558630735 |   0   |   1   |
|        |         |                 |  (6, 0.72)  |                     |       |       |
|        |         |                 |  (7, 0.659) |                     |       |       |
|        |         |                 |  (5, 0.567) |                     |       |       |
|   14   |  shane  |      [5, 7]     |  (4, 0.796) | 0.44705020153902525 |   1   |   2   |
|        |         |                 |  (7, 0.72)  |                     |       |       |
|        |         |                 |  (6, 0.713) |                     |       |       |
|        |         |                 |   (5, 0.5)  |                     |       |       |
|   15   |  shane  |      [5, 7]     |  (4, 0.793) |  0.4374770810414375 |   1   |   2   |
|        |         |                 |  (6, 0.741) |                     |       |       |
|        |         |                 |  (7, 0.68)  |                     |       |       |
|        |         |                 |  (5, 0.513) |                     |       |       |
|   16   |  shane  |      [5, 7]     |  (4, 0.791) |  0.4322438486962909 |   1   |   2   |
|        |         |                 |  (6, 0.755) |                     |       |       |
|        |         |                 |  (7, 0.656) |                     |       |       |
|        |         |                 |  (5, 0.521) |                     |       |       |
|   17   |  shane  |       [5]       |  (4, 0.789) |  0.1938212578153733 |   0   |   1   |
|        |         |                 |  (6, 0.763) |                     |       |       |
|        |         |                 |  (7, 0.64)  |                     |       |       |
|        |         |                 |  (5, 0.527) |                     |       |       |
|   18   |  shane  |       [5]       |  (4, 0.787) |  0.181314623338257  |   0   |   1   |
|        |         |                 |  (6, 0.759) |                     |       |       |
|        |         |                 |  (7, 0.671) |                     |       |       |
|        |         |                 |  (5, 0.491) |                     |       |       |
|   19   |  shane  |       [5]       |  (4, 0.785) | 0.16833148353681093 |   0   |   1   |
|        |         |                 |  (6, 0.755) |                     |       |       |
|        |         |                 |  (7, 0.708) |                     |       |       |
|        |         |                 |  (5, 0.455) |                     |       |       |
|   20   |  shane  |       [5]       |  (4, 0.784) |  0.1545286506469501 |   0   |   1   |
|        |         |                 |  (6, 0.753) |                     |       |       |
|        |         |                 |  (7, 0.75)  |                     |       |       |
|        |         |                 |  (5, 0.418) |                     |       |       |
|   21   | urielha |       [5]       |  (5, 0.367) | 0.34492481203007525 |   1   |   1   |
|        |         |                 |  (7, 0.311) |                     |       |       |
|        |         |                 |  (6, 0.204) |                     |       |       |
|        |         |                 |  (4, 0.182) |                     |       |       |
|   22   | urielha |       [5]       |  (7, 0.78)  | 0.09053870529651427 |   0   |   1   |
|        |         |                 |  (4, 0.754) |                     |       |       |
|        |         |                 |  (6, 0.475) |                     |       |       |
|        |         |                 |   (5, 0.2)  |                     |       |       |
|   23   | urielha |       [7]       |  (7, 0.774) | 0.33652173913043476 |   1   |   1   |
|        |         |                 |  (4, 0.753) |                     |       |       |
|        |         |                 |  (6, 0.573) |                     |       |       |
|        |         |                 |   (5, 0.2)  |                     |       |       |
|   24   | urielha |       [7]       |  (4, 0.752) | 0.25916561314791403 |   1   |   1   |
|        |         |                 |  (7, 0.615) |                     |       |       |
|        |         |                 |  (6, 0.571) |                     |       |       |
|        |         |                 |  (5, 0.435) |                     |       |       |
+--------+---------+-----------------+-------------+---------------------+-------+-------+
Total of 31 objects were emitted
predicted 18 in the top-3
predicted 31 in the top-5


Users Summary:
+---------+--------------------+-------------+-------+-------+
|   user  |       score        | num_objects | top 3 | top 5 |
+---------+--------------------+-------------+-------+-------+
|  daniel |  2.78653441859987  |      11     |   8   |   11  |
|  shane  | 3.4517936220130303 |      16     |   7   |   16  |
| urielha | 1.0311508696049383 |      4      |   3   |   4   |
+---------+--------------------+-------------+-------+-------+