+--------+-------------------+-----------------+--------------+------------------------+-------+-------+
| commit |        user       | changed_objects | top 10 pred  |         score          | top 3 | top 5 |
+--------+-------------------+-----------------+--------------+------------------------+-------+-------+
|   16   |   dynamitechetan  |       [4]       |  (4, 0.125)  |  0.26205450733752617   |   1   |   1   |
|        |                   |                 |  (3, 0.092)  |                        |       |       |
|        |                   |                 |  (1, 0.065)  |                        |       |       |
|        |                   |                 |  (2, 0.065)  |                        |       |       |
|        |                   |                 |  (8, 0.065)  |                        |       |       |
|        |                   |                 |  (9, 0.065)  |                        |       |       |
|   17   |   dynamitechetan  |       [1]       |  (3, 0.075)  |   0.1746987951807229   |   1   |   1   |
|        |                   |                 |  (1, 0.058)  |                        |       |       |
|        |                   |                 |  (2, 0.058)  |                        |       |       |
|        |                   |                 |  (8, 0.058)  |                        |       |       |
|        |                   |                 |  (9, 0.058)  |                        |       |       |
|        |                   |                 |  (4, 0.025)  |                        |       |       |
|   20   |   dynamitechetan  |       [4]       |  (16, 0.22)  |  0.04210526315789474   |   0   |   0   |
|        |                   |                 |  (3, 0.049)  |                        |       |       |
|        |                   |                 |  (2, 0.042)  |                        |       |       |
|        |                   |                 |  (8, 0.042)  |                        |       |       |
|        |                   |                 |  (9, 0.042)  |                        |       |       |
|        |                   |                 |  (1, 0.04)   |                        |       |       |
|        |                   |                 |  (4, 0.02)   |                        |       |       |
|        |                   |                 |  (17, 0.02)  |                        |       |       |
|   22   |   dynamitechetan  |       [17]      | (17, 0.118)  |   0.2789598108747045   |   1   |   1   |
|        |                   |                 | (16, 0.085)  |                        |       |       |
|        |                   |                 |  (3, 0.04)   |                        |       |       |
|        |                   |                 |  (1, 0.036)  |                        |       |       |
|        |                   |                 |  (2, 0.036)  |                        |       |       |
|        |                   |                 |  (8, 0.036)  |                        |       |       |
|        |                   |                 |  (9, 0.036)  |                        |       |       |
|        |                   |                 |  (4, 0.018)  |                        |       |       |
|        |                   |                 | (18, 0.018)  |                        |       |       |
|   31   |   30808316+0oo0   |       [22]      |  (4, 0.039)  |  0.040772532188841186  |   0   |   0   |
|        |                   |                 | (27, 0.036)  |                        |       |       |
|        |                   |                 | (28, 0.036)  |                        |       |       |
|        |                   |                 | (29, 0.036)  |                        |       |       |
|        |                   |                 | (17, 0.029)  |                        |       |       |
|        |                   |                 | (19, 0.027)  |                        |       |       |
|        |                   |                 | (20, 0.027)  |                        |       |       |
|        |                   |                 | (26, 0.027)  |                        |       |       |
|        |                   |                 |  (2, 0.019)  |                        |       |       |
|        |                   |                 |  (3, 0.019)  |                        |       |       |
|   59   |   dynamitechetan  |       [18]      | (19, 0.415)  |  0.004934948407357563  |   0   |   0   |
|        |                   |                 | (20, 0.415)  |                        |       |       |
|        |                   |                 | (26, 0.413)  |                        |       |       |
|        |                   |                 | (30, 0.257)  |                        |       |       |
|        |                   |                 | (31, 0.257)  |                        |       |       |
|        |                   |                 | (52, 0.104)  |                        |       |       |
|        |                   |                 | (22, 0.031)  |                        |       |       |
|        |                   |                 | (47, 0.021)  |                        |       |       |
|        |                   |                 | (48, 0.021)  |                        |       |       |
|        |                   |                 | (49, 0.021)  |                        |       |       |
|   64   |    1anuppanwar    |       [24]      | (27, 0.379)  | 0.0027247956403269754  |   0   |   0   |
|        |                   |                 | (28, 0.379)  |                        |       |       |
|        |                   |                 | (58, 0.367)  |                        |       |       |
|        |                   |                 | (59, 0.367)  |                        |       |       |
|        |                   |                 | (50, 0.341)  |                        |       |       |
|        |                   |                 | (51, 0.341)  |                        |       |       |
|        |                   |                 | (26, 0.315)  |                        |       |       |
|        |                   |                 | (54, 0.054)  |                        |       |       |
|        |                   |                 | (22, 0.024)  |                        |       |       |
|        |                   |                 | (45, 0.022)  |                        |       |       |
|   68   | christianbender89 |     [38, 7]     |  (60, 0.68)  | 0.0018729780350757717  |   0   |   0   |
|        |                   |                 |  (61, 0.68)  |                        |       |       |
|        |                   |                 |  (62, 0.68)  |                        |       |       |
|        |                   |                 |  (63, 0.68)  |                        |       |       |
|        |                   |                 |  (64, 0.68)  |                        |       |       |
|        |                   |                 |  (65, 0.68)  |                        |       |       |
|        |                   |                 | (67, 0.459)  |                        |       |       |
|        |                   |                 | (68, 0.459)  |                        |       |       |
|        |                   |                 | (69, 0.459)  |                        |       |       |
|        |                   |                 | (22, 0.021)  |                        |       |       |
|   77   | christianbender89 |       [9]       | (60, 0.546)  | 0.0012054417082831084  |   0   |   0   |
|        |                   |                 | (61, 0.546)  |                        |       |       |
|        |                   |                 | (62, 0.546)  |                        |       |       |
|        |                   |                 | (63, 0.546)  |                        |       |       |
|        |                   |                 | (64, 0.546)  |                        |       |       |
|        |                   |                 | (65, 0.546)  |                        |       |       |
|        |                   |                 | (67, 0.442)  |                        |       |       |
|        |                   |                 | (68, 0.442)  |                        |       |       |
|        |                   |                 | (69, 0.442)  |                        |       |       |
|        |                   |                 |  (7, 0.346)  |                        |       |       |
|   79   | christianbender89 |       [75]      | (60, 0.501)  |  0.06926799758015724   |   0   |   0   |
|        |                   |                 | (61, 0.501)  |                        |       |       |
|        |                   |                 | (62, 0.501)  |                        |       |       |
|        |                   |                 | (63, 0.501)  |                        |       |       |
|        |                   |                 | (64, 0.501)  |                        |       |       |
|        |                   |                 | (65, 0.501)  |                        |       |       |
|        |                   |                 | (75, 0.458)  |                        |       |       |
|        |                   |                 | (76, 0.458)  |                        |       |       |
|        |                   |                 | (77, 0.458)  |                        |       |       |
|        |                   |                 | (67, 0.376)  |                        |       |       |
|   80   | christianbender89 |       [75]      | (76, 0.808)  |  0.027692717347889747  |   0   |   0   |
|        |                   |                 | (77, 0.808)  |                        |       |       |
|        |                   |                 | (60, 0.537)  |                        |       |       |
|        |                   |                 | (61, 0.537)  |                        |       |       |
|        |                   |                 | (62, 0.537)  |                        |       |       |
|        |                   |                 | (63, 0.537)  |                        |       |       |
|        |                   |                 | (64, 0.537)  |                        |       |       |
|        |                   |                 | (65, 0.537)  |                        |       |       |
|        |                   |                 | (67, 0.431)  |                        |       |       |
|        |                   |                 | (68, 0.431)  |                        |       |       |
|  102   | christianbender89 |       [93]      | (91, 0.613)  |  0.04299943883277212   |   1   |   1   |
|        |                   |                 | (92, 0.613)  |                        |       |       |
|        |                   |                 | (93, 0.613)  |                        |       |       |
|        |                   |                 | (94, 0.613)  |                        |       |       |
|        |                   |                 | (95, 0.613)  |                        |       |       |
|        |                   |                 | (96, 0.613)  |                        |       |       |
|        |                   |                 | (60, 0.522)  |                        |       |       |
|        |                   |                 | (61, 0.522)  |                        |       |       |
|        |                   |                 | (62, 0.522)  |                        |       |       |
|        |                   |                 | (63, 0.522)  |                        |       |       |
|  108   | christianbender89 |     [47, 44]    | (91, 0.503)  |  0.001198053163609135  |   0   |   0   |
|        |                   |                 | (92, 0.503)  |                        |       |       |
|        |                   |                 | (94, 0.503)  |                        |       |       |
|        |                   |                 | (95, 0.503)  |                        |       |       |
|        |                   |                 | (96, 0.503)  |                        |       |       |
|        |                   |                 | (60, 0.482)  |                        |       |       |
|        |                   |                 | (61, 0.482)  |                        |       |       |
|        |                   |                 | (62, 0.482)  |                        |       |       |
|        |                   |                 | (63, 0.482)  |                        |       |       |
|        |                   |                 | (64, 0.482)  |                        |       |       |
|  109   | christianbender89 |     [67, 21]    | (105, 0.606) |  0.02630917995730252   |   0   |   0   |
|        |                   |                 | (106, 0.606) |                        |       |       |
|        |                   |                 | (107, 0.606) |                        |       |       |
|        |                   |                 | (91, 0.537)  |                        |       |       |
|        |                   |                 | (92, 0.537)  |                        |       |       |
|        |                   |                 | (94, 0.537)  |                        |       |       |
|        |                   |                 | (95, 0.537)  |                        |       |       |
|        |                   |                 | (96, 0.537)  |                        |       |       |
|        |                   |                 |  (60, 0.52)  |                        |       |       |
|        |                   |                 |  (61, 0.52)  |                        |       |       |
|  112   | christianbender89 |      [108]      | (91, 0.578)  | 0.00011178180192264697 |   0   |   0   |
|        |                   |                 | (92, 0.578)  |                        |       |       |
|        |                   |                 | (94, 0.578)  |                        |       |       |
|        |                   |                 | (95, 0.578)  |                        |       |       |
|        |                   |                 | (96, 0.578)  |                        |       |       |
|        |                   |                 | (60, 0.565)  |                        |       |       |
|        |                   |                 | (61, 0.565)  |                        |       |       |
|        |                   |                 | (62, 0.565)  |                        |       |       |
|        |                   |                 | (63, 0.565)  |                        |       |       |
|        |                   |                 | (64, 0.565)  |                        |       |       |
|  113   | christianbender89 |      [108]      | (91, 0.526)  | 0.00013176966662274337 |   0   |   0   |
|        |                   |                 | (92, 0.526)  |                        |       |       |
|        |                   |                 | (94, 0.526)  |                        |       |       |
|        |                   |                 | (95, 0.526)  |                        |       |       |
|        |                   |                 | (96, 0.526)  |                        |       |       |
|        |                   |                 | (60, 0.519)  |                        |       |       |
|        |                   |                 | (61, 0.519)  |                        |       |       |
|        |                   |                 | (62, 0.519)  |                        |       |       |
|        |                   |                 | (63, 0.519)  |                        |       |       |
|        |                   |                 | (64, 0.519)  |                        |       |       |
|  114   | christianbender89 |       [84]      | (91, 0.482)  | 0.0011291779584462498  |   0   |   0   |
|        |                   |                 | (92, 0.482)  |                        |       |       |
|        |                   |                 | (94, 0.482)  |                        |       |       |
|        |                   |                 | (95, 0.482)  |                        |       |       |
|        |                   |                 | (96, 0.482)  |                        |       |       |
|        |                   |                 |  (60, 0.48)  |                        |       |       |
|        |                   |                 |  (61, 0.48)  |                        |       |       |
|        |                   |                 |  (62, 0.48)  |                        |       |       |
|        |                   |                 |  (63, 0.48)  |                        |       |       |
|        |                   |                 |  (64, 0.48)  |                        |       |       |
|  117   | christianbender89 |       [87]      | (60, 0.479)  |  0.001021033285685113  |   0   |   0   |
|        |                   |                 | (61, 0.479)  |                        |       |       |
|        |                   |                 | (62, 0.479)  |                        |       |       |
|        |                   |                 | (63, 0.479)  |                        |       |       |
|        |                   |                 | (64, 0.479)  |                        |       |       |
|        |                   |                 | (65, 0.479)  |                        |       |       |
|        |                   |                 | (91, 0.477)  |                        |       |       |
|        |                   |                 | (92, 0.477)  |                        |       |       |
|        |                   |                 | (94, 0.477)  |                        |       |       |
|        |                   |                 | (95, 0.477)  |                        |       |       |
|  119   | christianbender89 |       [47]      | (60, 0.479)  |  0.009171410499683747  |   0   |   0   |
|        |                   |                 | (61, 0.479)  |                        |       |       |
|        |                   |                 | (62, 0.479)  |                        |       |       |
|        |                   |                 | (63, 0.479)  |                        |       |       |
|        |                   |                 | (64, 0.479)  |                        |       |       |
|        |                   |                 | (65, 0.479)  |                        |       |       |
|        |                   |                 | (91, 0.475)  |                        |       |       |
|        |                   |                 | (92, 0.475)  |                        |       |       |
|        |                   |                 | (94, 0.475)  |                        |       |       |
|        |                   |                 | (95, 0.475)  |                        |       |       |
|  120   | christianbender89 |       [50]      | (114, 0.506) | 0.0003700277520814057  |   0   |   0   |
|        |                   |                 | (115, 0.506) |                        |       |       |
|        |                   |                 | (116, 0.506) |                        |       |       |
|        |                   |                 | (117, 0.498) |                        |       |       |
|        |                   |                 | (118, 0.498) |                        |       |       |
|        |                   |                 | (119, 0.498) |                        |       |       |
|        |                   |                 | (47, 0.479)  |                        |       |       |
|        |                   |                 | (60, 0.445)  |                        |       |       |
|        |                   |                 | (61, 0.445)  |                        |       |       |
|        |                   |                 | (62, 0.445)  |                        |       |       |
|  124   | christianbender89 |       [55]      | (117, 0.722) | 0.00016955618668136144 |   0   |   0   |
|        |                   |                 | (118, 0.722) |                        |       |       |
|        |                   |                 | (119, 0.722) |                        |       |       |
|        |                   |                 | (51, 0.606)  |                        |       |       |
|        |                   |                 | (114, 0.586) |                        |       |       |
|        |                   |                 | (115, 0.586) |                        |       |       |
|        |                   |                 | (116, 0.586) |                        |       |       |
|        |                   |                 | (91, 0.563)  |                        |       |       |
|        |                   |                 | (92, 0.563)  |                        |       |       |
|        |                   |                 | (94, 0.563)  |                        |       |       |
|  126   | christianbender89 |      [123]      | (117, 0.588) | 8.831971737690433e-05  |   0   |   0   |
|        |                   |                 | (118, 0.588) |                        |       |       |
|        |                   |                 | (119, 0.588) |                        |       |       |
|        |                   |                 | (91, 0.562)  |                        |       |       |
|        |                   |                 | (92, 0.562)  |                        |       |       |
|        |                   |                 | (94, 0.562)  |                        |       |       |
|        |                   |                 | (95, 0.562)  |                        |       |       |
|        |                   |                 | (96, 0.562)  |                        |       |       |
|        |                   |                 | (60, 0.562)  |                        |       |       |
|        |                   |                 | (61, 0.562)  |                        |       |       |
|  132   | christianbender89 |       [79]      | (60, 0.561)  | 0.00039849457604604777 |   0   |   0   |
|        |                   |                 | (61, 0.561)  |                        |       |       |
|        |                   |                 | (62, 0.561)  |                        |       |       |
|        |                   |                 | (63, 0.561)  |                        |       |       |
|        |                   |                 | (64, 0.561)  |                        |       |       |
|        |                   |                 | (65, 0.561)  |                        |       |       |
|        |                   |                 |  (91, 0.56)  |                        |       |       |
|        |                   |                 |  (92, 0.56)  |                        |       |       |
|        |                   |                 |  (94, 0.56)  |                        |       |       |
|        |                   |                 |  (95, 0.56)  |                        |       |       |
|  133   | christianbender89 |    [117, 118]   | (60, 0.561)  |  0.04901305529563779   |   0   |   0   |
|        |                   |                 | (61, 0.561)  |                        |       |       |
|        |                   |                 | (62, 0.561)  |                        |       |       |
|        |                   |                 | (63, 0.561)  |                        |       |       |
|        |                   |                 | (64, 0.561)  |                        |       |       |
|        |                   |                 | (65, 0.561)  |                        |       |       |
|        |                   |                 |  (91, 0.56)  |                        |       |       |
|        |                   |                 |  (92, 0.56)  |                        |       |       |
|        |                   |                 |  (94, 0.56)  |                        |       |       |
|        |                   |                 |  (95, 0.56)  |                        |       |       |
|  134   |    1anuppanwar    |       [78]      | (27, 0.458)  | 0.0011337868480725641  |   0   |   0   |
|        |                   |                 | (28, 0.458)  |                        |       |       |
|        |                   |                 | (58, 0.408)  |                        |       |       |
|        |                   |                 | (59, 0.408)  |                        |       |       |
|        |                   |                 | (26, 0.407)  |                        |       |       |
|        |                   |                 | (50, 0.313)  |                        |       |       |
|        |                   |                 | (51, 0.308)  |                        |       |       |
|        |                   |                 | (47, 0.109)  |                        |       |       |
|        |                   |                 | (93, 0.016)  |                        |       |       |
|        |                   |                 | (60, 0.013)  |                        |       |       |
+--------+-------------------+-----------------+--------------+------------------------+-------+-------+
Total of 29 objects were emitted
predicted 4 in the top-3
predicted 4 in the top-5


Users Summary:
+-------------------+-----------------------+-------------+-------+-------+
|        user       |         score         | num_objects | top 3 | top 5 |
+-------------------+-----------------------+-------------+-------+-------+
|   dynamitechetan  |   0.7627533249582059  |      5      |   3   |   3   |
|   30808316+0oo0   |  0.040772532188841186 |      1      |   0   |   0   |
|    1anuppanwar    | 0.0038585824883995397 |      2      |   0   |   0   |
| christianbender89 |  0.23215043336527366  |      21     |   1   |   1   |
+-------------------+-----------------------+-------------+-------+-------+