+--------+-------------------+-----------------+--------------+-----------------------+-------+-------+
| commit |        user       | changed_objects | top 10 pred  |         score         | top 3 | top 5 |
+--------+-------------------+-----------------+--------------+-----------------------+-------+-------+
|   5    |      mylnext      |       [3]       |  (1, 0.22)   |   0.3333333333333333  |   1   |   1   |
|        |                   |                 |  (2, 0.22)   |                       |       |       |
|        |                   |                 |  (3, 0.22)   |                       |       |       |
|   17   |      mylnext      |   [15, 16, 17]  | (12, 0.379)  |   0.280267753201397   |   0   |   2   |
|        |                   |                 | (13, 0.379)  |                       |       |       |
|        |                   |                 | (14, 0.379)  |                       |       |       |
|        |                   |                 | (15, 0.321)  |                       |       |       |
|        |                   |                 | (16, 0.321)  |                       |       |       |
|        |                   |                 | (17, 0.321)  |                       |       |       |
|        |                   |                 | (18, 0.321)  |                       |       |       |
|        |                   |                 | (19, 0.321)  |                       |       |       |
|        |                   |                 |  (3, 0.147)  |                       |       |       |
|        |                   |                 |  (4, 0.137)  |                       |       |       |
|   19   |      mylnext      |     [4, 20]     | (18, 0.421)  |  0.052878598247809785 |   0   |   0   |
|        |                   |                 | (19, 0.421)  |                       |       |       |
|        |                   |                 | (15, 0.303)  |                       |       |       |
|        |                   |                 | (16, 0.303)  |                       |       |       |
|        |                   |                 | (17, 0.303)  |                       |       |       |
|        |                   |                 | (12, 0.252)  |                       |       |       |
|        |                   |                 | (13, 0.252)  |                       |       |       |
|        |                   |                 | (14, 0.252)  |                       |       |       |
|        |                   |                 |  (3, 0.152)  |                       |       |       |
|        |                   |                 |  (4, 0.14)   |                       |       |       |
|   30   |  darjiharshil2994 |       [21]      |  (15, 0.14)  |  0.04685714285714284  |   0   |   0   |
|        |                   |                 |  (16, 0.14)  |                       |       |       |
|        |                   |                 |  (17, 0.14)  |                       |       |       |
|        |                   |                 |  (18, 0.13)  |                       |       |       |
|        |                   |                 |  (19, 0.13)  |                       |       |       |
|        |                   |                 |  (4, 0.116)  |                       |       |       |
|        |                   |                 |  (3, 0.092)  |                       |       |       |
|        |                   |                 | (20, 0.092)  |                       |       |       |
|        |                   |                 | (12, 0.082)  |                       |       |       |
|        |                   |                 | (13, 0.082)  |                       |       |       |
|   41   |   dynamitechetan  |       [3]       | (42, 0.214)  |  0.02110514198004605  |   0   |   0   |
|        |                   |                 | (38, 0.211)  |                       |       |       |
|        |                   |                 | (39, 0.211)  |                       |       |       |
|        |                   |                 | (35, 0.195)  |                       |       |       |
|        |                   |                 | (36, 0.195)  |                       |       |       |
|        |                   |                 | (41, 0.114)  |                       |       |       |
|        |                   |                 | (21, 0.097)  |                       |       |       |
|        |                   |                 | (15, 0.083)  |                       |       |       |
|        |                   |                 | (16, 0.083)  |                       |       |       |
|        |                   |                 | (17, 0.083)  |                       |       |       |
|   43   |    1anuppanwar    |       [46]      | (43, 0.261)  |  0.007085020242914983 |   0   |   0   |
|        |                   |                 | (44, 0.261)  |                       |       |       |
|        |                   |                 | (21, 0.094)  |                       |       |       |
|        |                   |                 |  (15, 0.08)  |                       |       |       |
|        |                   |                 |  (16, 0.08)  |                       |       |       |
|        |                   |                 |  (17, 0.08)  |                       |       |       |
|        |                   |                 | (18, 0.074)  |                       |       |       |
|        |                   |                 | (19, 0.074)  |                       |       |       |
|        |                   |                 |  (3, 0.073)  |                       |       |       |
|        |                   |                 |  (4, 0.067)  |                       |       |       |
|   44   |    1anuppanwar    |       [46]      | (43, 0.194)  |  0.007608695652173917 |   0   |   0   |
|        |                   |                 | (44, 0.194)  |                       |       |       |
|        |                   |                 | (21, 0.094)  |                       |       |       |
|        |                   |                 |  (15, 0.08)  |                       |       |       |
|        |                   |                 |  (16, 0.08)  |                       |       |       |
|        |                   |                 |  (17, 0.08)  |                       |       |       |
|        |                   |                 | (18, 0.074)  |                       |       |       |
|        |                   |                 | (19, 0.074)  |                       |       |       |
|        |                   |                 |  (3, 0.072)  |                       |       |       |
|        |                   |                 |  (4, 0.066)  |                       |       |       |
|   46   |    1anuppanwar    |       [48]      | (43, 0.147)  |  0.007597895967270609 |   0   |   0   |
|        |                   |                 | (44, 0.147)  |                       |       |       |
|        |                   |                 | (21, 0.091)  |                       |       |       |
|        |                   |                 | (15, 0.078)  |                       |       |       |
|        |                   |                 | (16, 0.078)  |                       |       |       |
|        |                   |                 | (17, 0.078)  |                       |       |       |
|        |                   |                 | (18, 0.072)  |                       |       |       |
|        |                   |                 | (19, 0.072)  |                       |       |       |
|        |                   |                 |  (3, 0.07)   |                       |       |       |
|        |                   |                 |  (4, 0.064)  |                       |       |       |
|   49   |    1anuppanwar    |     [39, 46]    | (49, 0.213)  |  0.02339181286549709  |   0   |   0   |
|        |                   |                 | (43, 0.151)  |                       |       |       |
|        |                   |                 | (44, 0.151)  |                       |       |       |
|        |                   |                 | (21, 0.087)  |                       |       |       |
|        |                   |                 | (15, 0.074)  |                       |       |       |
|        |                   |                 | (16, 0.074)  |                       |       |       |
|        |                   |                 | (17, 0.074)  |                       |       |       |
|        |                   |                 | (18, 0.069)  |                       |       |       |
|        |                   |                 | (19, 0.069)  |                       |       |       |
|        |                   |                 |  (3, 0.066)  |                       |       |       |
|   50   |    1anuppanwar    |       [39]      | (38, 0.164)  |  0.06990740740740749  |   1   |   1   |
|        |                   |                 | (39, 0.151)  |                       |       |       |
|        |                   |                 | (43, 0.148)  |                       |       |       |
|        |                   |                 | (44, 0.148)  |                       |       |       |
|        |                   |                 | (46, 0.146)  |                       |       |       |
|        |                   |                 | (49, 0.113)  |                       |       |       |
|        |                   |                 | (21, 0.087)  |                       |       |       |
|        |                   |                 | (15, 0.074)  |                       |       |       |
|        |                   |                 | (16, 0.074)  |                       |       |       |
|        |                   |                 | (17, 0.074)  |                       |       |       |
|   51   |    1anuppanwar    |       [38]      |  (38, 0.23)  |  0.10440308669995473  |   1   |   1   |
|        |                   |                 | (46, 0.226)  |                       |       |       |
|        |                   |                 | (43, 0.146)  |                       |       |       |
|        |                   |                 | (44, 0.146)  |                       |       |       |
|        |                   |                 | (39, 0.091)  |                       |       |       |
|        |                   |                 | (21, 0.086)  |                       |       |       |
|        |                   |                 | (49, 0.079)  |                       |       |       |
|        |                   |                 | (15, 0.074)  |                       |       |       |
|        |                   |                 | (16, 0.074)  |                       |       |       |
|        |                   |                 | (17, 0.074)  |                       |       |       |
|   55   |    1anuppanwar    |       [18]      | (55, 0.357)  |  0.02463987869598183  |   0   |   0   |
|        |                   |                 | (56, 0.357)  |                       |       |       |
|        |                   |                 | (43, 0.173)  |                       |       |       |
|        |                   |                 | (44, 0.173)  |                       |       |       |
|        |                   |                 | (39, 0.148)  |                       |       |       |
|        |                   |                 | (46, 0.124)  |                       |       |       |
|        |                   |                 | (21, 0.081)  |                       |       |       |
|        |                   |                 | (15, 0.069)  |                       |       |       |
|        |                   |                 | (16, 0.069)  |                       |       |       |
|        |                   |                 | (17, 0.069)  |                       |       |       |
|   56   |    1anuppanwar    |       [1]       | (55, 0.257)  |  0.005816066884769175 |   0   |   0   |
|        |                   |                 | (56, 0.257)  |                       |       |       |
|        |                   |                 | (57, 0.212)  |                       |       |       |
|        |                   |                 | (43, 0.172)  |                       |       |       |
|        |                   |                 | (44, 0.172)  |                       |       |       |
|        |                   |                 | (39, 0.148)  |                       |       |       |
|        |                   |                 | (19, 0.144)  |                       |       |       |
|        |                   |                 | (46, 0.124)  |                       |       |       |
|        |                   |                 | (15, 0.089)  |                       |       |       |
|        |                   |                 | (16, 0.089)  |                       |       |       |
|   58   |   dynamitechetan  |       [59]      | (35, 0.166)  |  0.008163265306122448 |   0   |   0   |
|        |                   |                 | (36, 0.166)  |                       |       |       |
|        |                   |                 | (46, 0.141)  |                       |       |       |
|        |                   |                 | (18, 0.079)  |                       |       |       |
|        |                   |                 | (21, 0.079)  |                       |       |       |
|        |                   |                 | (39, 0.077)  |                       |       |       |
|        |                   |                 | (15, 0.067)  |                       |       |       |
|        |                   |                 | (16, 0.067)  |                       |       |       |
|        |                   |                 | (17, 0.067)  |                       |       |       |
|        |                   |                 | (19, 0.063)  |                       |       |       |
|   66   |  sachinarora.707  |       [61]      | (18, 0.064)  |  0.027815468113975617 |   0   |   0   |
|        |                   |                 | (21, 0.064)  |                       |       |       |
|        |                   |                 | (15, 0.054)  |                       |       |       |
|        |                   |                 | (16, 0.054)  |                       |       |       |
|        |                   |                 | (17, 0.054)  |                       |       |       |
|        |                   |                 | (19, 0.051)  |                       |       |       |
|        |                   |                 |  (3, 0.048)  |                       |       |       |
|        |                   |                 | (39, 0.048)  |                       |       |       |
|        |                   |                 |  (4, 0.045)  |                       |       |       |
|        |                   |                 | (60, 0.041)  |                       |       |       |
|   71   | christianbender89 |       [69]      | (73, 0.583)  | 0.0004704406460718205 |   0   |   0   |
|        |                   |                 | (74, 0.583)  |                       |       |       |
|        |                   |                 | (75, 0.583)  |                       |       |       |
|        |                   |                 | (76, 0.583)  |                       |       |       |
|        |                   |                 | (77, 0.583)  |                       |       |       |
|        |                   |                 | (78, 0.583)  |                       |       |       |
|        |                   |                 | (79, 0.583)  |                       |       |       |
|        |                   |                 | (80, 0.583)  |                       |       |       |
|        |                   |                 | (81, 0.583)  |                       |       |       |
|        |                   |                 | (82, 0.583)  |                       |       |       |
|   72   | christianbender89 |       [98]      | (73, 0.483)  |  0.02975420439844756  |   0   |   0   |
|        |                   |                 | (74, 0.483)  |                       |       |       |
|        |                   |                 | (75, 0.483)  |                       |       |       |
|        |                   |                 | (76, 0.483)  |                       |       |       |
|        |                   |                 | (77, 0.483)  |                       |       |       |
|        |                   |                 | (78, 0.483)  |                       |       |       |
|        |                   |                 | (79, 0.483)  |                       |       |       |
|        |                   |                 | (80, 0.483)  |                       |       |       |
|        |                   |                 | (81, 0.483)  |                       |       |       |
|        |                   |                 | (82, 0.483)  |                       |       |       |
|   76   | christianbender89 |       [98]      | (73, 0.411)  |  0.026532349602724162 |   0   |   0   |
|        |                   |                 | (74, 0.411)  |                       |       |       |
|        |                   |                 | (75, 0.411)  |                       |       |       |
|        |                   |                 | (76, 0.411)  |                       |       |       |
|        |                   |                 | (77, 0.411)  |                       |       |       |
|        |                   |                 | (78, 0.411)  |                       |       |       |
|        |                   |                 | (79, 0.411)  |                       |       |       |
|        |                   |                 | (80, 0.411)  |                       |       |       |
|        |                   |                 | (81, 0.411)  |                       |       |       |
|        |                   |                 | (82, 0.411)  |                       |       |       |
|   78   | christianbender89 |       [69]      |  (73, 0.4)   | 0.0008908024645534841 |   0   |   0   |
|        |                   |                 |  (74, 0.4)   |                       |       |       |
|        |                   |                 |  (75, 0.4)   |                       |       |       |
|        |                   |                 |  (76, 0.4)   |                       |       |       |
|        |                   |                 |  (77, 0.4)   |                       |       |       |
|        |                   |                 |  (78, 0.4)   |                       |       |       |
|        |                   |                 |  (79, 0.4)   |                       |       |       |
|        |                   |                 |  (80, 0.4)   |                       |       |       |
|        |                   |                 |  (81, 0.4)   |                       |       |       |
|        |                   |                 |  (82, 0.4)   |                       |       |       |
|   83   | christianbender89 |       [5]       | (73, 0.394)  | 0.0006779150346489907 |   0   |   0   |
|        |                   |                 | (74, 0.394)  |                       |       |       |
|        |                   |                 | (75, 0.394)  |                       |       |       |
|        |                   |                 | (76, 0.394)  |                       |       |       |
|        |                   |                 | (77, 0.394)  |                       |       |       |
|        |                   |                 | (78, 0.394)  |                       |       |       |
|        |                   |                 | (79, 0.394)  |                       |       |       |
|        |                   |                 | (80, 0.394)  |                       |       |       |
|        |                   |                 | (81, 0.394)  |                       |       |       |
|        |                   |                 | (82, 0.394)  |                       |       |       |
|   85   | christianbender89 |      [101]      | (73, 0.389)  |  0.029620041117794878 |   0   |   0   |
|        |                   |                 | (74, 0.389)  |                       |       |       |
|        |                   |                 | (75, 0.389)  |                       |       |       |
|        |                   |                 | (76, 0.389)  |                       |       |       |
|        |                   |                 | (77, 0.389)  |                       |       |       |
|        |                   |                 | (78, 0.389)  |                       |       |       |
|        |                   |                 | (79, 0.389)  |                       |       |       |
|        |                   |                 | (80, 0.389)  |                       |       |       |
|        |                   |                 | (81, 0.389)  |                       |       |       |
|        |                   |                 | (82, 0.389)  |                       |       |       |
|   95   | christianbender89 |       [72]      | (121, 0.375) | 0.0009159444796730791 |   0   |   0   |
|        |                   |                 | (122, 0.375) |                       |       |       |
|        |                   |                 | (123, 0.375) |                       |       |       |
|        |                   |                 | (73, 0.364)  |                       |       |       |
|        |                   |                 | (74, 0.364)  |                       |       |       |
|        |                   |                 | (75, 0.364)  |                       |       |       |
|        |                   |                 | (76, 0.364)  |                       |       |       |
|        |                   |                 | (77, 0.364)  |                       |       |       |
|        |                   |                 | (78, 0.364)  |                       |       |       |
|        |                   |                 | (79, 0.364)  |                       |       |       |
|   98   | christianbender89 |      [123]      | (73, 0.362)  |  0.017619220968329106 |   0   |   0   |
|        |                   |                 | (74, 0.362)  |                       |       |       |
|        |                   |                 | (75, 0.362)  |                       |       |       |
|        |                   |                 | (76, 0.362)  |                       |       |       |
|        |                   |                 | (77, 0.362)  |                       |       |       |
|        |                   |                 | (78, 0.362)  |                       |       |       |
|        |                   |                 | (79, 0.362)  |                       |       |       |
|        |                   |                 | (80, 0.362)  |                       |       |       |
|        |                   |                 | (81, 0.362)  |                       |       |       |
|        |                   |                 | (82, 0.362)  |                       |       |       |
|   99   | christianbender89 |      [123]      | (73, 0.361)  |  0.008378260236048379 |   0   |   0   |
|        |                   |                 | (74, 0.361)  |                       |       |       |
|        |                   |                 | (75, 0.361)  |                       |       |       |
|        |                   |                 | (76, 0.361)  |                       |       |       |
|        |                   |                 | (77, 0.361)  |                       |       |       |
|        |                   |                 | (78, 0.361)  |                       |       |       |
|        |                   |                 | (79, 0.361)  |                       |       |       |
|        |                   |                 | (80, 0.361)  |                       |       |       |
|        |                   |                 | (81, 0.361)  |                       |       |       |
|        |                   |                 | (82, 0.361)  |                       |       |       |
|  100   | christianbender89 |      [105]      | (73, 0.358)  | 0.0009808359740455712 |   0   |   0   |
|        |                   |                 | (74, 0.358)  |                       |       |       |
|        |                   |                 | (75, 0.358)  |                       |       |       |
|        |                   |                 | (76, 0.358)  |                       |       |       |
|        |                   |                 | (77, 0.358)  |                       |       |       |
|        |                   |                 | (78, 0.358)  |                       |       |       |
|        |                   |                 | (79, 0.358)  |                       |       |       |
|        |                   |                 | (80, 0.358)  |                       |       |       |
|        |                   |                 | (81, 0.358)  |                       |       |       |
|        |                   |                 | (82, 0.358)  |                       |       |       |
|  101   | christianbender89 |      [105]      | (73, 0.357)  | 0.0003835238168290253 |   0   |   0   |
|        |                   |                 | (74, 0.357)  |                       |       |       |
|        |                   |                 | (75, 0.357)  |                       |       |       |
|        |                   |                 | (76, 0.357)  |                       |       |       |
|        |                   |                 | (77, 0.357)  |                       |       |       |
|        |                   |                 | (78, 0.357)  |                       |       |       |
|        |                   |                 | (79, 0.357)  |                       |       |       |
|        |                   |                 | (80, 0.357)  |                       |       |       |
|        |                   |                 | (81, 0.357)  |                       |       |       |
|        |                   |                 | (82, 0.357)  |                       |       |       |
|  102   | christianbender89 |      [105]      | (73, 0.357)  | 0.0003883495145631073 |   0   |   0   |
|        |                   |                 | (74, 0.357)  |                       |       |       |
|        |                   |                 | (75, 0.357)  |                       |       |       |
|        |                   |                 | (76, 0.357)  |                       |       |       |
|        |                   |                 | (77, 0.357)  |                       |       |       |
|        |                   |                 | (78, 0.357)  |                       |       |       |
|        |                   |                 | (79, 0.357)  |                       |       |       |
|        |                   |                 | (80, 0.357)  |                       |       |       |
|        |                   |                 | (81, 0.357)  |                       |       |       |
|        |                   |                 | (82, 0.357)  |                       |       |       |
|  103   | christianbender89 |      [105]      | (73, 0.353)  | 0.0003966365222909731 |   0   |   0   |
|        |                   |                 | (74, 0.353)  |                       |       |       |
|        |                   |                 | (75, 0.353)  |                       |       |       |
|        |                   |                 | (76, 0.353)  |                       |       |       |
|        |                   |                 | (77, 0.353)  |                       |       |       |
|        |                   |                 | (78, 0.353)  |                       |       |       |
|        |                   |                 | (79, 0.353)  |                       |       |       |
|        |                   |                 | (80, 0.353)  |                       |       |       |
|        |                   |                 | (81, 0.353)  |                       |       |       |
|        |                   |                 | (82, 0.353)  |                       |       |       |
|  104   | christianbender89 |      [109]      |  (73, 0.35)  | 0.0012090923746574252 |   0   |   0   |
|        |                   |                 |  (74, 0.35)  |                       |       |       |
|        |                   |                 |  (75, 0.35)  |                       |       |       |
|        |                   |                 |  (76, 0.35)  |                       |       |       |
|        |                   |                 |  (77, 0.35)  |                       |       |       |
|        |                   |                 |  (78, 0.35)  |                       |       |       |
|        |                   |                 |  (79, 0.35)  |                       |       |       |
|        |                   |                 |  (80, 0.35)  |                       |       |       |
|        |                   |                 |  (81, 0.35)  |                       |       |       |
|        |                   |                 |  (82, 0.35)  |                       |       |       |
|  105   | christianbender89 |       [95]      |  (73, 0.35)  |  0.028287399983835792 |   0   |   0   |
|        |                   |                 |  (74, 0.35)  |                       |       |       |
|        |                   |                 |  (75, 0.35)  |                       |       |       |
|        |                   |                 |  (76, 0.35)  |                       |       |       |
|        |                   |                 |  (77, 0.35)  |                       |       |       |
|        |                   |                 |  (78, 0.35)  |                       |       |       |
|        |                   |                 |  (79, 0.35)  |                       |       |       |
|        |                   |                 |  (80, 0.35)  |                       |       |       |
|        |                   |                 |  (81, 0.35)  |                       |       |       |
|        |                   |                 |  (82, 0.35)  |                       |       |       |
|  106   | christianbender89 |      [111]      | (73, 0.356)  | 0.0012643224022125651 |   0   |   0   |
|        |                   |                 | (74, 0.356)  |                       |       |       |
|        |                   |                 | (75, 0.356)  |                       |       |       |
|        |                   |                 | (76, 0.356)  |                       |       |       |
|        |                   |                 | (77, 0.356)  |                       |       |       |
|        |                   |                 | (78, 0.356)  |                       |       |       |
|        |                   |                 | (79, 0.356)  |                       |       |       |
|        |                   |                 | (80, 0.356)  |                       |       |       |
|        |                   |                 | (81, 0.356)  |                       |       |       |
|        |                   |                 | (82, 0.356)  |                       |       |       |
|  107   | christianbender89 |       [94]      | (73, 0.356)  |  0.028080138823158244 |   0   |   0   |
|        |                   |                 | (74, 0.356)  |                       |       |       |
|        |                   |                 | (75, 0.356)  |                       |       |       |
|        |                   |                 | (76, 0.356)  |                       |       |       |
|        |                   |                 | (77, 0.356)  |                       |       |       |
|        |                   |                 | (78, 0.356)  |                       |       |       |
|        |                   |                 | (79, 0.356)  |                       |       |       |
|        |                   |                 | (80, 0.356)  |                       |       |       |
|        |                   |                 | (81, 0.356)  |                       |       |       |
|        |                   |                 | (82, 0.356)  |                       |       |       |
|  108   | christianbender89 |       [39]      | (73, 0.362)  | 0.0020451446750492357 |   0   |   0   |
|        |                   |                 | (74, 0.362)  |                       |       |       |
|        |                   |                 | (75, 0.362)  |                       |       |       |
|        |                   |                 | (76, 0.362)  |                       |       |       |
|        |                   |                 | (77, 0.362)  |                       |       |       |
|        |                   |                 | (78, 0.362)  |                       |       |       |
|        |                   |                 | (79, 0.362)  |                       |       |       |
|        |                   |                 | (80, 0.362)  |                       |       |       |
|        |                   |                 | (81, 0.362)  |                       |       |       |
|        |                   |                 | (82, 0.362)  |                       |       |       |
|  111   | christianbender89 |      [105]      | (73, 0.357)  | 0.0003898939488459139 |   0   |   0   |
|        |                   |                 | (74, 0.357)  |                       |       |       |
|        |                   |                 | (75, 0.357)  |                       |       |       |
|        |                   |                 | (76, 0.357)  |                       |       |       |
|        |                   |                 | (77, 0.357)  |                       |       |       |
|        |                   |                 | (78, 0.357)  |                       |       |       |
|        |                   |                 | (79, 0.357)  |                       |       |       |
|        |                   |                 | (80, 0.357)  |                       |       |       |
|        |                   |                 | (81, 0.357)  |                       |       |       |
|        |                   |                 | (82, 0.357)  |                       |       |       |
|  116   |      msvbs98      |      [130]      | (129, 0.205) | 0.0008424599831508026 |   0   |   0   |
|        |                   |                 | (98, 0.154)  |                       |       |       |
|        |                   |                 | (94, 0.152)  |                       |       |       |
|        |                   |                 | (95, 0.152)  |                       |       |       |
|        |                   |                 | (101, 0.152) |                       |       |       |
|        |                   |                 |  (73, 0.15)  |                       |       |       |
|        |                   |                 |  (74, 0.15)  |                       |       |       |
|        |                   |                 |  (75, 0.15)  |                       |       |       |
|        |                   |                 |  (76, 0.15)  |                       |       |       |
|        |                   |                 |  (77, 0.15)  |                       |       |       |
+--------+-------------------+-----------------+--------------+-----------------------+-------+-------+
Total of 39 objects were emitted
predicted 3 in the top-3
predicted 5 in the top-5


Users Summary:
+-------------------+-----------------------+-------------+-------+-------+
|        user       |         score         | num_objects | top 3 | top 5 |
+-------------------+-----------------------+-------------+-------+-------+
|      mylnext      |   0.6664796847825402  |      6      |   1   |   3   |
|  darjiharshil2994 |  0.04685714285714284  |      1      |   0   |   0   |
|   dynamitechetan  |  0.029268407286168495 |      2      |   0   |   0   |
|    1anuppanwar    |   0.2504498644159698  |      9      |   2   |   2   |
|  sachinarora.707  |  0.027815468113975617 |      1      |   0   |   0   |
| christianbender89 |  0.17828451698377928  |      19     |   0   |   0   |
|      msvbs98      | 0.0008424599831508026 |      1      |   0   |   0   |
+-------------------+-----------------------+-------------+-------+-------+